8 2
10 20 10 10 30 30 20 20 
0 55 9 47 52 42 43 45 49 
55 0 48 47 43 22 12 47 37 
9 48 0 39 44 37 35 37 41 
47 47 39 0 8 54 39 2 11 
52 43 44 8 0 54 37 10 6 
42 22 37 54 54 0 17 53 47 
43 12 35 39 37 17 0 38 31 
45 47 37 2 10 53 38 0 12 
49 37 41 11 6 47 31 12 0 
